- best_loss: 0.5258964772400183
- annealing_step: 50
  batch_size: 384
  dropout_rate: 0.11945700713604213
  evi_fun: softplus
  lr: 0.001010370369669638
  optimizer: RMSprop
