- best_loss: 0.5367693017731916
- annealing_step: 55
  dropout_rate: 0.26389249701371514
  evi_fun: softplus
  lr: 0.000598905442223205
