- best_loss: 0.3087088831237001
- dropout_rate: 0.31343004617589726
  lr: 0.0006486637592912277
