- best_loss: 0.8757565494964954
- dropout_rate: 0.2354594617907242
  kernel_size: 5
  lr: 0.0003707422595452579
  tcn_channels: [32, 64, 128, 256, 512]
