- best_loss: 1.2321108576933195
- batch_size: 32
  dropout_rate: 0.20003667031797426
  kernel_size: 3
  lr: 0.00016669250968564923
  optimizer: Adam
