- best_loss: 1.1975730956798614
- dropout_rate: 0.7611414535237153
  lr: 3.187671099086256e-05
