- best_loss: 0.5396716227270152
- dropout_rate: 0.3942742435434105
  layer_n: 6
  lr: 0.0031266674709148636
