- best_loss: 0.7787497128310956
- annealing_step: 40
  batch_size: 480
  dropout_rate: 0.43498523762637475
  evi_fun: softplus
  kernel_size: 5
  lr: 0.0002971546629528969
  optimizer: Adam
